100 1
7250.0 641251.0
7250.0 519835.0
7250.0 648952.0
7250.0 607977.0
7250.0 570822.0
7250.0 417757.0
7250.0 503134.0
7250.0 637135.0
7250.0 430890.0
7250.0 546226.0
7250.0 503147.0
7250.0 503214.0
7250.0 591038.0
7250.0 401110.0
7250.0 584053.0
7250.0 610558.0
7250.0 594447.0
7250.0 507340.0
7250.0 471740.0
7250.0 571762.0
7250.0 658443.0
7250.0 619632.0
7250.0 508026.0
7250.0 460866.0
7250.0 631250.0
7250.0 433042.0
7250.0 461183.0
7250.0 542508.0
7250.0 489368.0
7250.0 500143.0
7250.0 510975.0
7250.0 628884.0
7250.0 511028.0
7250.0 637790.0
7250.0 407996.0
7250.0 494493.0
7250.0 487925.0
7250.0 555772.0
7250.0 570548.0
7250.0 599225.0
7250.0 657973.0
7250.0 435569.0
7250.0 541961.0
7250.0 555037.0
7250.0 607690.0
7250.0 462227.0
7250.0 418168.0
7250.0 412193.0
7250.0 470568.0
7250.0 471818.0
7250.0 597917.0
7250.0 476993.0
7250.0 397560.0
7250.0 547404.0
7250.0 427537.0
7250.0 430093.0
7250.0 613242.0
7250.0 429773.0
7250.0 503443.0
7250.0 631219.0
7250.0 511431.0
7250.0 495446.0
7250.0 565833.0
7250.0 551251.0
7250.0 622856.0
7250.0 421730.0
7250.0 467447.0
7250.0 591191.0
7250.0 457469.0
7250.0 507389.0
7250.0 430671.0
7250.0 578957.0
7250.0 616801.0
7250.0 587524.0
7250.0 641535.0
7250.0 520633.0
7250.0 619446.0
7250.0 524832.0
7250.0 464571.0
7250.0 624589.0
7250.0 542024.0
7250.0 644905.0
7250.0 622185.0
7250.0 649802.0
7250.0 424544.0
7250.0 527431.0
7250.0 415427.0
7250.0 607186.0
7250.0 435022.0
7250.0 517158.0
7250.0 448316.0
7250.0 446823.0
7250.0 634259.0
7250.0 507151.0
7250.0 554862.0
7250.0 576328.0
7250.0 601907.0
7250.0 525590.0
7250.0 543660.0
7250.0 481167.0
50937.0 
75623.79950 
88955.84153 
78822.67856 
15141.07869 
67232.88326 
58190.94164 
9212.33838 
95829.31159 
75061.06057 
112027.32715 
128597.46909 
87674.28947 
5575.24585 
91875.88145 
7852.52797 
41810.75371 
63077.68354 
9879.02225 
81460.02335 
86153.04185 
36370.77186 
64652.18802 
76767.13819 
32245.55841 
67948.20401 
28880.40649 
53181.40100 
30362.91452 
78636.58764 
103764.35879 
17677.49851 
25714.59351 
17886.33087 
93956.36515 
58463.39570 
53952.24558 
67249.12820 
27988.54146 
98872.60388 
118120.94765 
10709.60227 
51003.38194 
82607.04170 
52687.89645 
40249.28590 
77855.56171 
13626.77252 
92935.21430 
30750.44279 
101272.41165 
37786.94010 
50090.69057 
73290.24667 
67661.28158 
16985.60780 
87722.52881 
64464.83159 
82982.46947 
55624.39554 
79454.61095 
96195.83671 
116027.09985 
33969.10718 
54131.26094 
34237.97456 
66059.55186 
81519.81150 
60865.79549 
19974.34894 
6837.69373 
23376.39583 
96611.55945 
49439.32896 
38399.37771 
103138.07449 
114578.51516 
56396.32164 
103448.64298 
33754.34321 
59841.48689 
61307.57833 
30376.16440 
81229.00765 
23760.63847 
56594.53845 
48184.18421 
86995.83933 
5601.46385 
81432.12722 
54991.59223 
65283.68490 
77856.12542 
17047.75512 
88935.91700 
61194.89944 
16066.55131 
91990.36612 
43482.74327 
55783.34886 
62357.07573 
